102280
002900
025620
001790
001250
001440
005030
002360
017550
008040
105840
011300
027740
004410
005930
016380
000490
011700
163560
002140
002690
214330
015230
092220
003480
001470
117580
003010
034020
001795
009440
002780
025860
004840
014530
015590
010140
010820
034220
028670
128820
000660
008350
011200
002410
009180
017960
007460
042670
001020
069730
013360
316140
006340
000680
012280
047040
004250
004770
002920
008700
210540
071090
047810
091090
058730
018470
000890
004090
007660
008970
009810
035720
008560
015760
004060
011090
323410
375500
023350
013000
033180
249420
088350
013700
093370
037560
005070
015020
002760
348950
002700
006880
010050
036580
030790
009200
130660
000270
002150
010600
004310
214420
011930
353200
003490
103590
017040
028050
024110
010690
003780
001550
025750
006380
267260
086790
009310
012800
009580
005870
000080
377300
008420
005935
009270
035150
123690
030200
012160
005420
105560
055550
005380
047050
033240
002710
012450
003560
100840
014710
032640
004430
031820
008600
005880
002240
066570
005940
006800
026940
088980
001230
138930
226320
084680
033250
000180
000300
001510
013570
001520
004270
012610
248070
002070
001140
012030
000230
032350
005950
007110
004020
011150
136490
001390
001120
084690
272210
007120
042700
042660
003530
155660
002220
003280
002880
002460
002870
017670
000400
007210
003580
016090
001450
001420
030000
035420
000370
000520
001340
365550
006660
079550
092200
267270
006360
005390
000210
417310
003160
004100
139130
011000
004540
085310
005010
027970
298690
019170
020760
118000
014160
294870
077970
000990
009150
003000
330590
402340
090430
161390
092780
014440
009460
074610
002350
009830
052690
051600
003680
025820
395400
302440
105630
119650
003410
051630
004255
012170
082740
000720
014580
018880
033530
096770
010100
003670
009190
004920
037270
015860
138490
003060
034830
035250
001780
007810
078930
044380
005690
020560
021050
032560
006400
008260
064350
005360
400760
010950
004380
007980
373220
004870
293940
018500
007280
075580
027410
011280
001740
005320
030720
138040
267290
204320
028260
900140
003520
023960
034120
091810
073240
090080
033780
002100
026890
396690
011420
068270
058850
006200
002630
001680
009900
264900
195870
133820
010420
000910
005110
112610
104700
145270
081660
336260
329180
161000
175330
381970
002790
129260
011330
019180
034730
004830
003080
126560
000100
007540
010120
010640
357120
404990
114090
000970
086280
008060
010660
271560
088260
241560
047400
007070
036420
000040
079160
018670
004560
011070
036460
003570
120110
016360
016740
010060
004140
005440
272450
016880
051910
006490
012330
020150
005850
383800
005490
010040
352820
004980
071050
093240
361610
010620
286940
001620
009240
336370
007590
001060
383220
023150
009320
008770
089590
084870
021240
012690
123890
090370
030210
183190
003610
023800
102260
001570
014280
101140
009070
031430
011210
006980
192650
003690
008250
011810
014830
084695
014790
000150
009540
001380
005750
000880
020120
003550
161890
005830
005740
077500
200880
005300
259960
001360
251270
267250
096300
071970
326030
006060
137310
003850
090350
032830
100250
084010
003960
067830
229640
018260
005680
011790
003220
017810
011500
004710
095720
009160
241590
339770
088790
003350
001200
377190
024070
004000
000060
248170
338100
108670
016710
097520
178920
012510
051900
002450
192820
139480
009290
083420
072130
004990
008930
093050
007860
213500
015260
009420
306200
001430
003470
094800
111110
004150
024890
307950
003230
058860
014680
015890
950210
089860
102460
078520
036570
002990
380440
014990
145720
011780
033920
111770
025560
001290
101530
300720
334890
000020
001530
194370
244920
024900
014910
317400
103140
029780
070960
012630
005090
004720
017940
006260
001210
069260
001800
017900
122900
017800
028100
036530
350520
024090
281820
026960
180640
000810
097950
011170
033270
000220
010780
003720
003090
006890
001500
044450
002720
001685
025890
271940
004960
227840
000540
069460
082640
069620
064960
282330
013580
000430
284740
005387
039490
010960
003540
004490
001560
003030
011230
020000
095570
357250
322000
006280
010130
001880
017370
002390
000240
002380
115390
009450
006090
068400
014820
071950
096760
030610