027710
900260
053050
090410
336060
009620
090710
002680
900110
137950
136480
005860
043910
073560
074430
368770
035290
317240
066910
096690
159910
333430
079970
900340
021880
380320
208140
061250
042940
023790
900120
041440
025550
025880
060560
353590
019550
353810
195990
900300
177350
263750
001840
016600
000440
377330
014200
179290
317850
024880
053260
088910
306620
309930
198440
035890
051780
226340
035200
024060
053270
060230
048260
222980
060900
089530
006910
032820
035080
218150
413600
252500
332290
195500
054540
035460
143540
215100
035810
140520
115530
096040
122640
048470
003310
011320
017480
065170
208640
090460
323280
072770
131400
900310
096640
224060
189980
078860
377630
014470
290380
084650
099410
045300
323990
192390
047820
373200
039240
037440
027050
060240
047310
225590
031860
066410
154030
046390
121800
900280
104480
256840
095500
036930
214610
031510
096350
277410
036090
100660
019590
073570
291230
060380
151860
419270
032580
363260
038880
303030
270520
225570
040610
217600
057680
193250
030350
018620
086980
113810
287410
032680
067990
020180
196700
019770
187660
171090
060260
056080
126640
089230
039020
090150
037950
041190
081150
011370
258830
065450
033170
005290
001810
069920
033310
219550
064260
021040
097870
049480
353190
019570
208710
056090
044490
006920
215480
328380
066360
075970
033830
146320
222800
091990
142760
042040
039560
058610
037760
189860
330730
290550
049630
050860
038530
033230
038110
094860
192250
272290
205470
036890
053800
054180
085670
048550
151910
101400
205500
038500
026150
082850
027360
024740
173130
065150
003380
004590
054300
058630
227950
297570
018000
067000
396300
391710
082660
251120
121850
048410
086060
057540
024800
054210
105550
008370
265560
140410
389140
017510
082800
100090
103840
066970
038620
052300
085810
039440
020710
025980
006730
100790
076610
900250
014190
289080
025950
087260
335890
006050
035620
063570
064800
950220
206560
054630
149980
091700
293490
268600
042110
140670
388720
104200
010280
094820
037030
013310
076080
078130
024840
012860
023410
048870
950170
049080
078150
276730
245620
052600
371950
111870
015750
131100
250000
237880
017000
027580
004780
080220
204840
065440
222080
036540
036710
050090
028300
060370
041590
016790
205100
182400
034230
171010
043220
115480
057030
108320
073640
253590
900270
052900
139050
255220
322780
043100
048530
059120
025320
108490
079950
049070
217620
405640
035900
226360
067290
230980
136410
008470
117670
033540
131180
115160
121600
001000
290510
036010
067310
085370
022220
254120
024810
242040
225430
095340
033500
036670
214270
108860
032540
096530
112040
067630
065510
109960
064550
230360
289220
128660
319400
267320
023760
115440
044180
065060
200470
127120
061970
036120
032800
093380
013810
038060
214150
250060
239340
298380
046940
099220
274090
036620
008830
074600
126880
004650
214680
054090
045390
089150
053590
021080
131970
126700
382480
050110
310200
104040
058400
131760
222160
052220
365270
025870
263810
043260
106240
043200
095660
050890
054930
060720
259630
166090
124560
179530
013720
044480
033290
101170
039610
211270
084180
058820
086710
066590
297090
046120
086450
033130
018290
019660
201490
217730
035600
093520
043340
007720
066670
206650
067390
038010
036640
089140
094170
016100
064820
044780
089970
084370
170030
140070
054450
240810
072520
066790
122870
284620
007390
263800
196450
066980
036170
031330
014620
050120
011080
122450
096610
054050
307750
018700
080010
220100
041020
063440
049720
086520
357880
221840