278650
050110
066410
340440
002680
096040
109610
226360
054540
090710
038110
021880
056700
151860
027360
900110
039980
003310
045390
044060
373200
138070
041440
205470
046940
402030
130500
046120
159910
317240
388720
214610
099220
057540
030350
109820
005860
396270
060560
032820
035460
900120
115530
072470
074430
043910
310210
084650
256840
048550
100660
024810
027710
014970
396300
043100
033230
246690
258830
054090
028300
049830
067630
123010
025320
024740
102370
217600
072520
095500
025440
297090
253840
006910
014200
225570
053050
065440
219550
096530
111870
043610
007770
083650
196700
019550
096350
900300
066670
900340
222810
024880
022220
121800
126600
131400
308100
091990
065450
306620
225530
064550
332290
045510
412350
288980
036010
101170
307750
094940
038880
247660
365590
241840
900260
090410
046390
016790
224060
222080
114450
050760
089530
323280
370090
267320
063440
950130
060310
222980
261780
245620
037440
366030
363260
067310
099440
377460
218150
064260
195990
159580
033100
041920
047920
036120
362320
058610
048870
041510
185490
389140
060260
950220
065950
016920
208710
033170
016600
041190
136480
073640
900250
084180
294140
035810
073560
357880
058110
388050
056090
206560
322780
382900
048530
257720
049720
377030
019570
124560
215100
142280
068940
043220
013990
010280
082210
044480
100130
361570
086980
025880
038620
115450
099430
039020
042040
013720
900070
179290
036540
060370
043090
066700
035290
900270
077360
317850
049070
037230
014620
319400
042940
011370
258610
031860
399720
128540
094170
076080
066970
900310
148780
048410
293780
377220
082800
222800
036630
192250
376930
087260
025980
118990
195940
009620
293490
291230
013810
033830
035890
336570
032680
007390
121850
086890
298380
227100
311390
004590
046970
227610
100090
376180
090150
268600
068760
061250
287410
089140
254120
081150
353810
114190
104480
037950
092300
112040
036090
060900
018000
019770
036930
049480
078130
196170
101670
113810
076610
234920
023770
193250
137400
141080
021080
095910
101730
240810
042110
080420
036620
005290
377330
073570
018620
035900
241820
057680
095660
270660
353590
065420
247540
019010
173130
252990
096690
265560
011320
335890
072770
198440
046440
094820
237750
149980
012620
020180
291650
032850
307180
074600
052020
047310
160550
091700
078860
126640
208640
101400
187270
053800
051380
389030
033160
023160
290380
192410
365270
262840
177350
215360
089230
250060
053950
900280
092190
053270
033310
090460
064800
019590
060240
054210
122870
017000
041960
006050
020710
101160
119830
215480
126880
256940
298870
058820
289220
056080
227950
038010
143540
060250
372800
214680
094860
115310
365900
080220
058400
348030
206640
089150
299660
230360
228670
106240
034230
147830
048830
078150
206650
303030
092600
041590
211270
025550
131180
049080
382480
217500
234100
241690
065170
299900
108860
054630
123410
051780
036890
080010
368770
049180
137940
189860
038530
182400
039860
084990
260930
069920
054930
053030
117730
001840
317830
043340
220180
281740
121600
252500
263800
022100
036180
082850
088290
033500
164060
036640
217620
250000
065150
027830
189980
035600
214270
151910
068050
263750
048770
276730
053590
058630
131370
090850
246710
300120
336060
095340
067290
023760
389260
060230
053620
196450
109960
263050
142760
178320
015750
023410
220100
214150
239340
034940
042510
067990
137950
036200
273060
007720
067000
010170
382840
088800
075970
276040
097870
319660
050890
024840
376300
089970
109860
085670
068240
235980
040610
063080
263700
289080
297570
049630
023440
104200
019990
174880
115480
086520
032800
026150
014190
175250
093520
038500
024940
187660
043590
308080
085660
117670
356890
003380
258790
222420
013310
091580
037070
064240
084370
063170
043200
029480
140410
017510
033050
119850
002290
208140
066980
310200
004650
053060
038950
099190
059270
369370
082660
079970
059120
014470
038460
348370
277810
236810
088910
085370
053980
083790
033130
001810
119500
224110
039440
100700
053080
137080
232680
035200
166090
170030
047820
136410
253590
205100
065680
323990
203650
037350
047770
104040
027580
256630
014100
270520
108490
146320
000250
095610
094480
058450
049470
065350
053260
027050
098460
009520
039290
040350
061970
139050
012340
050860
066310
054940
052600
037030
215380
031510
264850
220260
347890
340360
108320
361390
040160
046890
051370
023460
238090
060150
031330
228760
085910
078600
333430
033290
078940
115160
095270
200230
033540
053290
012860
060590
080160
100790
171090
032620
067170
036710
000440
332570
006730
115610
900290
045660
032280
064290
140670
042370
050090
253450
037330
039200
035760
158430
067160
078890
032080
087010
060540
096630
054450
010470
054300
323230
114840
052300
051980
018700
086060
043710
309930
011560
071460
131090
006620
033640
035620
272290
214450
353190
230980
092070
038070
030190
277410
052900
083310
030530
036170
153490
019660
066590
060720
190510
057030
192390
032580
071280
048260
059090
106520
044180
125210
219130
085810
154030
045300
053300
024060
043260
046070
128660
066910
049120
171010
091120
084730
045100
357550
290510
007820
048910
065060
035080
041460
030520
142210
214870
244460
215790
054780
032500
205500
313760
225590
217480
039240
044490
064480
051360
053160
094970
950140
182360
127710
079190
204840
095700
131760
004780
334970
230240
032190
177830
065770
131970
213420
184230
083450
359090
078340
096610
012700
950170
036030
065530
160980
089030
059210
153710
189300
054670
067570
029960
196490
122350
237690
352700
058470
126700
170920
123570
065650
124500
187790
183490
080520
307930
105550
056190
019210
140520
290650
104620
046310
010240
218410
267790
144960
305090
061040
102120
320000
226950
277880
201490
339950
294570
073010
371950
357580
065510
045340
197140
078350
272110
038540
134580
058970
098120
083640
133750
051500
265520
303530
261200
195500
376290
200350
222160
051160
086390
039610
094360
242040
039560
052670
047080
203450
038870
037760
045970
340930
011040
094850
123750
066900
376980
144510
060280
155650
024950
039420
251120
115500
051490
080000
204620
352910
226400
042420
131290
033320
140070
226340
018290
097800
122990
347700
204630
115440
044960
330730
232140
348210
204020
002800
131390
082270
069330
241520
131220
194480
377480
114810
234300
041020
203690
208370
086040
032960
105740
095190
321260
054920
019540
060380
262260
179530
072870
278280
016100
317530
122690
042000
141000
069540
080530
089890
089790
234690
053350
357230
101000
047560
023790
294090
159010
090360
089010
065370
018310
053580
130740
318410
367000
221980
032980
071670
003100
086450
299170
065500
290550
026040
024850
048470
101360
263600
025950
200670
101490
174900
089850
200710
039030
347860
017890
330860
086960
238120
215000
032300
054410
225220
079370
211050
108230
251970
066790
251370
119610
356860
067010
347770
089980
025870
028080
274090
036810
259630
352770
050120
200130
317330
008290
260660
179900
108380
042500
123420
204270
054050
311320
228340
091440
079810
014940
098660
069080
099410
053610
039840
102710
351320
288330
001000
286750
950200
099320
092460
138610
191420
256150
330350
039830
376190
037370
046210
207760
052400
073190
383310
337930
285490
290740
122640
282880
317120
101330
052220
092040
217730
025900
246720
289010
060570
063570
086670
127120
013120
072950
214260
088390
068790
121440
041830
042600
290090
347740
037400
071200
086820
041910
163730
139670
290120
065660
050960
115960
082920
110790
208340
065130
056360
067900
226330
221840
039740
006920
265740
078020
065690
044340
123840
006140
086710
041930
363250
044780
008370
032750
214370
217270
187420
073490
239890
223250
120240
027040
123040
122450
075130
206400
035610
332370
043650
079950
104830
166480
215200
340570
039340
053700
038060
043360
199800
053450
156100
053280
052330
054950
225430
243840
302550
290660
321550
079960
054620
297890
169330
080720
145020
101240
011080
068930
013030
148150
109080
219420
307870
070590
024800
161580
321820
083930
150900
038680
024120
069140
115570
067920
083500
099390
039310
017480
263020
225190
288620
036690
093380
043150
351330
264450
069410
290690
154040
067390
084850
031310
025770
007530
307280
183300
063760
101390
104540
026910
263770
214180
101930
080470
200470
263720
194700
079000
290670
377450
046110
217190
036670
067080
054040
138580
237880
310870
110020
066430
078160
100120
084110
138080
263810
189690
136540
093190
091590
312610
143240
079170
078140
222040
250930
255220
298540
338220
275630
294630
318000
073540
005160
298060
099750
382800
017250
333620
032540
251630
315640
023600
041520
327260
052460
007370
062860
012790
100590
260970
273640
071850
114630
314130
093920
024910
950190
214310
311690
290520
072020
066620
021040
081580
033200
203400
052710
318010
347000
317690
070300
066130
052790
186230
021320
103840
322510
067730
065570
079940
306040
064090
023900
331380
104460
304840
129890
263860
299030
064760
021650
100030
060480
357780
037460
014570
093640
277070
052860
049950
317870
234340
293580
096870
046140
030960
067770
096240
083550
140860
105330
200780
216080
187220
079650
168330
031980
241790
102940
192440
348150
301300
008830
270870
023910
228850
017650
279600
062970
241710