005030
005930
008040
005110
005360
069460
001470
001440
012690
102280
004250
005390
004310
002140
010140
034020
004770
007460
249420
028670
001780
000660
002900
011700
002720
001250
003580
034220
011200
004410
005320
302440
348950
002360
017040
016380
090370
316140
008970
000230
086790
037560
001570
004255
137310
055550
011300
092220
066570
064350
017550
035720
008700
093370
023350
006880
105560
103590
011930
032560
010050
001790
028050
002410
010820
013700
012170
042670
001020
015860
105840
009830
047040
003490
000270
003010
091090
011690
002700
024110
009200
001140
047810
058730
002780
018470
088980
005880
088350
005070
032640
138930
138490
037270
003530
323410
000990
006800
015760
005380
163560
214330
244920
005935
008350
008560
068270
034830
030200
004920
011000
047050
001510
006360
009270
361610
004060
035420
353200
017960
013360
009150
010600
007120
027740
010060
019170
002460
194370
007660
093230
192400
267260
005940
006340
001210
272210
117580
000720
003410
017670
005420
402340
035250
002150
002880
025860
013000
005690
020760
010690
096770
003060
352820
298690
001390
014160
373220
018880
003560
012800
068290
001230
000910
036460
025620
377300
052690
016880
002760
004020
204320
181710
033180
128820
032350
042660
012330
001120
000490
002710
010950
011760
241560
012450
028260
025750
161390
294870
011090
183190
101140
001740
047400
010620
039130
004100
013570
020150
134790
005950
091810
015590
051910
006260
009810
322000
042700
053690
009190
002070
025820
082740
073240
267270
015020
372910
001520
003280
175330
112610
013520
009540
053210
375500
006400
031820
016360
003220
030000
126560
009180
003520
001340
007810
004540
003670
003000
051600
004430
020560
329180
004090
009900
139130
003470
015230
005490
365550
336260
000890
006490
001360
075580
000080
003550
007210
011070
071090
267250
002630
145270
079160
130660
000300
114090
032830
010120
036580
033780
900140
000370
089590
377190
272450
074610
001450
020120
029460
004140
007070
011790
105630
000400
069260
001795
004000
000040
014280
009460
026890
033240
007110
004990
008600
004720
012030
200880
003080
012280
195870
009160
009310
000100
081660
010660
192820
009420
357120
016090
035150
024890
251270
009440
004980
010780
000880
395400
000240
000810
016740
095720
058850
002220
078930
015260
021050
001260
071050
090080
001200
090430
000060
118000
003230
241590
086280
008770
011210
336370
120030
006740
271560
383800
011330
084680
136490
005870
012510
011170
120110
034730
006200
012610
002450
317400
330590
014530
103140
044380
012160
006380
017800
005440
034310
178920
010640
259960
192650
001380
036570
381970
014910
014580
007280
004870
027410
145720
021240
210540
161890
031430
003690
008250
005850
008420
111770
005830
033250
014710
008930
014830
023530
008260
018260
009580
000020
000180
213500
002870
285130
004830
227840
326030
020000
093240
007860
011780
011810
000970
030210
001529
229640
023960
058860
000210
006890
139480
085310
284740
077500
079550
036420
100840
133820
138040
950210
300720
003780
102460
011150
011280
007540
002790
008060
011420
009410
004270
271940
003160
180640
000220
001290
404990
001800
003850
383220
001620
069960
007980
000150
034120
009320
378850
003720
016710
004710
001530
248070
083420
007570
214420
011500
004380
009070
000520
088260
009240
192080
001680
051900
002350
000680
002690
077970
029780
033270
071950
006060
010100
161000
027970
004150
010960
005960
207940
090350
071970
009275
035510
102260
026940
123890
009290
012630
000540
011230
039490
001430
095570
072130
006220
088790
002990
293940
001060
017180
014790
024090
017900
168490
115390
012750
014680
000120
004560
010420
400760
003545
019180
092200
069620
100250
011390
139990
122900
089860
092780
334890
005250
307950
129260
097520
033920
417310
004800
069730
282330
010130
017370
005387
079980
094800
003610
003540
084690
096300
026960
024900
363280
002100
085620
298040
004690
082640
014130
004170
003680
066575
070960
004490
005090
007690
264900
104700
111110
100220
001550
023590
013580
004960
308170
396690
298050
049800
084010
003090
001040
015890
344820
097950
067830
005300
006280
007700
019680
010955
006650
023800
033530
003480
128940
030720
214320
004370
014990
005945
003570
000430
298020
338100
093050
013890
016385
018500
071840
023150
006120
006110
281820
003030
004835
030610
016610
023810
096760
119650
013870
005500
014440
068400
004360
005750
155660
014820
009835
063160
051630
143210
028100
008730
004840
226320
084870
009450
357430
051915
007340
002240
357250
123690
350520
002020
089470
008110
078520
017810
003070
005680
002380
081000
044450
001750
293480
025890
007590
019685
008490
001560
055490
005740
339770
024070
002210
271980
003535
064960
214390
004910
092440
025540
001820
306200
002620
097230
000070
000390
145990
004105
058430
060980
010040
001940
025560
185750
001130
006980
210980
023000
009970
005610
108670
004440
001420
286940
248170
234080
016580
000500
002920